42996443
42996443
42996443
42996443
44342996
44342996
44342996
42996443
42996443
44342996
44342996
42996443
56812443
44342996
44356812
56812443
56812443
44356812
56812443
56812443
44356812
56812443
44356812
44356812
56812443
56812443
44356812
44356812
44356812
56812443
44356812
56812443
56812443
44356812
44356812
42996443
42996443
42996443
42996443
42996443
42996443
44342996
42996443
42996443
44342996
44342996
44342996
44342996
44342996
44342996
42996443
42996443
42996443
42996443
42996443
42996443
42996443
44342996
44342996
44342996
44342996
42996443
44342996
42996443
44356774
56774443
56774443
44356774
42996443
42996443
42996443
42996443
42996443
42996443
44342996
42996443
42996443
42996443
44342996
44342996
44342996
44342996
42996443
42996443
44342996
42996443
42996443
42996443
42996443
42996443
42996443
42996443
44342996
44342996
44342996
44342996
44342996
42996443
44348374
44348374
44348374
42996443
42996443
42996443
42996443
42996443
42996443
44342996
44342996
44342996
42996443
48390443
44348390
48390443
48390443
44342996
42996443
44348374
48374443
44348390
48390443
48390443
44348390
48390443
44348390
48390443
48390443
44348390
44348390
44348390
48390443
48390443
48390443
44348390
44348374
48374443
42996443
42996443
42996443
42996443
42996443
44342996
44342996
44342996
44342996
42996443
42996443
44342996
44348374
48374443
42996443
42996443
44342996
44342996
42996443
42996443
42996443
42996443
44342996
44342996
44342996
42996443
42996443
42996443
42996443
44342996
44342996
44342996
42996443
42996443
44342996
42996443
42996443
42996443
44342996
44342996
44342996
42996443
44342996
42996443
43862443
44343862
43862443
43862443
44342996
42996443
44342996
42996443
44343862
43862443
43862443
44343862
43862443
44343862
43862443
43862443
44343862
44343862
44343862
43862443
43862443
43862443
44343862
42996443
42996443
42996443
42996443
42996443
42996443
44342996
44342996
44342996
44342996
42996443
42996443
42996443
44342996
44342996
42410 443
42406 443
42388 443
42390 443
42996 443
42996 443
42996 443
42996 443
42996 443
443 42406
443 42406
443 42390
443 42390
443 42406
42406 443
42390 443
443 42388
443 42410
443 42410
443 42388
443 42410
42410 443
42410 443
42410 443
443 42406
443 42390
443 42390
42390 443
42390 443
443 42390
42390 443
443 42406
42406 443
443 42406
443 42410
42406 443
42406 443
443 42410
42410 443
443 42996
443 42996
443 42996
443 42406
443 42388
42388 443
443 42390
443 42390
42390 443
443 42410
42416 443
443 42410
443 42390
443 42406
443 42416
42416 443
42416 443
443 42416
42416 443
42416 443
443 42416
42416 443
443 42416
42416 443
443 42416
42416 443
42416 443
443 42996
42996 443
42996 443
443 42416
443 42416
42416 443
443 42996
443 42416
42416 443
42416 443
443 42416
42996 443
42996 443
42996 443
42996 443
42996 443
443 42996
443 42996
443 42996
443 42996
42996 443
443 42996
42996 443
42996 443
42996 443
42996 443
42996 443
42996 443
443 42996
443 42996
443 42996
38574 443
38574 443
38574 443
33374 443
443 38574
443 38574
443 38574
38574 443
443 33374
33374 443
33374 443
443 33374
33374 443
33374 443
443 33374
33374 443
443 33374
443 33374
33374 443
33374 443
443 33374
443 33374
33374 443
443 33374
33374 443
33374 443
443 33374
38574 443
38574 443
38574 443
38574 443
38574 443
38574 443
443 38574
443 38574
443 38574
443 38574
38574 443
443 38574
443 38574
38574 443
38574 443
443 45492
443 45492
443 45492
45492 443
45492 443
443 45492
443 38574
38574 443
38574 443
38574 443
443 38574
443 38574
443 38574
38574 443
38574 443
38574 443
38574 443
443 38574
443 38574
38574 443
38574 443
443 38574
38574 443
38574 443
443 38574
443 38574
38574 443
38574 443
38574 443
38574 443
443 38574
443 38574
443 38574
38574 443
38574 443
443 35086
443 35086
35086 443
35086 443
35086 443
443 35086
35086 443
443 35086
443 38574
443 38574
35086 443
38574 443
443 35086
35086 443
35086 443
443 35086
443 35086
443 35086
38574 443
38574 443
38574 443
38574 443
38574 443
443 38574
443 38574
443 38574
443 38574
443 38574
38574 443
38574 443
38574 443
38574 443
443 38574
443 38574
443 38574
38574 443
38574 443
443 38574
38574 443
38574 443
38574 443
443 38574
443 38574
443 38574
38574 443
38574 443
38574 443
38574 443
443 38574
443 38574
38574 443
443 38574
38574 443
38574 443
443 38574
38574 443
38574 443
38574 443
443 38574
443 38574
38574 443
38574 443
38574 443
38574 443
443 38574
443 38574
38574 443
38574 443
443 38574
443 38574
38574 443
38574 443
38574 443
443 38574
443 38574
443 38574
38574 443
38574 443
38574 443
443 38574
443 38574
38574 443
38574 443
443 38574
38574 443
38574 443
443 38574
443 38574
38574 443
38574 443
38574 443
38574 443
443 38574
443 38574
443 38574
38574 443
38574 443
443 38574
38574 443
38574 443
38574 443
443 38574
443 38574
38574 443
38574 443
38574 443
38574 443
443 38574
443 38574
443 38574
38574 443
38574 443
443 38574
38574 443
38574 443
38574 443
443 38574
443 38574
443 38574
38574 443
38574 443
38574 443
443 38574
443 38574
38574 443
38574 443
443 38574
38574 443
38574 443
38574 443
443 38574
443 38574
38574 443
38574 443
38574 443
443 38574
443 38574
38574 443
38574 443
443 38574
38574 443
38574 443
38574 443
443 38574
443 38574
38574 443
38574 443
38574 443
38574 443
443 38574
443 38574
443 38574
38574 443
38574 443
443 38574
38574 443
38574 443
38574 443
443 38574
443 38574
443 38574
38574 443
38574 443
38574 443
38574 443
443 38574
443 38574
38574 443
38574 443
443 38574
38574 443
38574 443
38574 443
443 38574
443 38574
443 38574
38574 443
38574 443
38574 443
38574 443
443 38574
443 38574
443 38574
38574 443
443 38574
38574 443
38574 443
443 38574
38574 443
38574 443
38574 443
38574 443
38574 443
443 38574
443 38574
443 38574
443 38574
443 38574
38574 443
38574 443
38574 443
38574 443
443 38574
443 38574
38574 443
38574 443
443 38574
38574 443
38574 443
38574 443
443 38574
443 38574
443 38574
38574 443
38574 443
38574 443
38574 443
443 38574
443 38574
443 38574
443 38574
38574 443
38574 443
443 38574
38574 443
38574 443
38574 443
443 38574
443 38574
443 38574
38574 443
38574 443
38574 443
443 38574
443 38574
38574 443
38574 443
443 38574
38574 443
38574 443
38574 443
443 38574
443 38574
443 38574
38574 443
38574 443
38574 443
38574 443
443 38574
443 38574
443 38574
38574 443
38574 443
443 38574
38574 443
443 38574
38574 443
38574 443
38574 443
38574 443
38574 443
443 38574
443 38574
443 38574
38574 443
38574 443
38574 443
38574 443
443 38574
443 38574
443 38574
38574 443
38574 443
38574 443
443 38574
443 38574
38574 443
38574 443
443 38574
38574 443
38574 443
38574 443
443 38574
443 38574
443 38574
38574 443
38574 443
38574 443
38574 443
38574 443
38574 443
443 38574
443 38574
443 38574
38574 443
38574 443
443 38574
443 38574
443 38574
38574 443
38574 443
38574 443
38574 443
38574 443
38574 443
38574 443
443 38574
38574 443
443 38574
443 38574
38574 443
38574 443
38574 443
38574 443
38574 443
443 38574
443 38574
38574 443
38574 443
443 38574
443 38574
443 38574
38574 443
38574 443
38574 443
38574 443
38574 443
443 38574
443 38574
443 38574
443 38574
38574 443
38574 443
443 38574
38574 443
443 38574
38574 443
38574 443
38574 443
38574 443
38574 443
443 38574
443 38574
443 38574
38574 443
38574 443
38574 443
38574 443
443 38574
443 38574
38574 443
38574 443
443 38574
38574 443
38574 443
38574 443
443 38574
443 38574
443 38574
38574 443
38574 443
38574 443
38574 443
443 38574
443 38574
443 38574
38574 443
38574 443
443 38574
38574 443
38574 443
38574 443
443 38574
443 38574
443 38574
38574 443
38574 443
38574 443
38574 443
443 38574
443 38574
443 38574
443 38574
38574 443
38574 443
443 38574
42480 443
42486 443
443 42480
42480 443
42480 443
443 42486
42486 443
42486 443
42486 443
443 42486
443 42486
443 42486
443 42480
443 42480
443 42480
42486 443
42480 443
42486 443
42480 443
443 42486
443 42486
443 42486
42486 443
443 42486
443 42486
42486 443
443 42486
443 42480
42486 443
42486 443
42486 443
443 42480
443 42480
42480 443
443 42480
42480 443
443 42480
42480 443
443 42486
443 42486
443 42486
443 42486
443 42486
42486 443
42486 443
443 42486
443 42486
42486 443
443 42486
443 42486
443 42486
42486 443
42486 443
443 42486
443 42486
42486 443
443 42486
443 42486
42486 443
443 42486
443 42486
42486 443
443 42486
443 42486
42486 443
443 42486
443 42486
42486 443
42486 443
443 42486
443 42486
42486 443
42486 443
443 42486
42486 443
443 42480
443 42480
42480 443
443 42480
443 42486
443 42486
42486 443
443 42486
42486 443
443 42486
42486 443
443 42486
42486 443
443 42486
42486 443
443 42486
443 42486
42486 443
42486 443
42480 443
38574 443
38574 443
38574 443
38574 443
38574 443
38574 443
443 38574
443 38574
38574 443
443 38574
443 38574
38574 443
38574 443
38574 443
38574 443
38574 443
38574 443
443 38574
443 38574
443 38574
443 38574
443 38574
38574 443
38574 443
443 38574
38574 443
38574 443
38574 443
38574 443
38574 443
38574 443
443 38574
443 38574
443 38574
443 38574
443 38574
38574 443
443 38574
38574 443
443 38574
38574 443
38574 443
38574 443
38574 443
38574 443
443 38574
443 38574
443 38574
38574 443
38574 443
443 38574
38574 443
38574 443
38574 443
38574 443
38574 443
443 38574
443 38574
443 38574
443 38574
443 38574
38574 443
38574 443
38574 443
38574 443
443 38574
443 38574
443 38574
38574 443
38574 443
38574 443
38574 443
443 38574
443 38574
443 38574
38574 443
38574 443
443 38574
38574 443
38574 443
38574 443
38574 443
443 38574
443 38574
443 38574
38574 443
38574 443
38574 443
38574 443
38574 443
38574 443
443 38574
443 38574
443 38574
443 38574
38574 443
38574 443
443 38574
38574 443
38574 443
38574 443
38574 443
443 38574
443 38574
443 38574
443 38574
38574 443
38574 443
38574 443
38574 443
59462 443
443 38574
443 38574
38574 443
443 59462
59462 443
59462 443
443 59462
59462 443
59462 443
443 59462
59462 443
443 59462
59462 443
443 59462
59462 443
443 59462
59462 443
59462 443
443 59462
443 59462
443 59462
59462 443
59462 443
59462 443
443 59462
443 55670
55670 443
55670 443
443 55670
55670 443
443 55670
55670 443
443 55670
55670 443
38574 443
38574 443
38574 443
38574 443
443 38574
443 38574
443 38574
443 38574
38574 443
38574 443
443 38574
38574 443
38574 443
443 38574
42480 443
38574 443
38574 443
38574 443
443 38574
443 38574
443 38574
38574 443
38574 443
38574 443
38574 443
38574 443
38574 443
38574 443
38574 443
443 38574
443 38574
443 38574
38574 443
443 38574
443 38574
443 38574
38574 443
38574 443
443 38574
38574 443
38574 443
38574 443
38574 443
38574 443
443 38574
443 38574
443 38574
38574 443
38574 443
38574 443
38574 443
38574 443
443 38574
38574 443
443 38574
38574 443
443 38574
443 38574
443 38574
443 38574
443 38574
38574 443
38574 443
38574 443
38574 443
38574 443
443 38574
443 38574
38574 443
38574 443
443 38574
38574 443
38574 443
38574 443
38574 443
443 38574
443 38574
38574 443
443 38574
38574 443
38574 443
38574 443
443 38574
443 38574
443 38574
38574 443
38574 443
443 38574
38574 443
38574 443
443 38574
443 38574
38574 443
38574 443
38574 443
38574 443
443 38574
443 38574
443 38574
38574 443
38574 443
38574 443
38574 443
38574 443
443 38574
443 38574
443 38574
38574 443
443 38574
38574 443
38574 443
443 38574
38574 443
38574 443
38574 443
443 38574
443 38574
443 38574
38574 443
38574 443
38574 443
38574 443
38574 443
38574 443
38574 443
443 38574
38574 443
38574 443
443 38574
443 38574
443 38574
443 38574
443 38574
443 38574
38574 443
38574 443
443 38574
443 38574
38574 443
38574 443
38574 443
38574 443
38574 443
443 38574
443 38574
443 38574
443 38574
443 38574
38574 443
38574 443
38574 443
38574 443
38574 443
38574 443
443 38574
443 38574
443 38574
443 38574
443 38574
443 38574
38574 443
38574 443
38574 443
38574 443
443 38574
443 38574
38574 443
38574 443
443 38574
38574 443
38574 443
38574 443
38574 443
38574 443
443 38574
443 38574
443 38574
443 38574
443 38574
443 38574
38574 443
42480 443
38574 443
38574 443
38574 443
38574 443
38574 443
38574 443
443 38574
443 38574
443 38574
38574 443
38574 443
443 38574
443 38574
38574 443
443 38574
443 38574
38574 443
38574 443
38574 443
443 38574
443 38574
38574 443
443 38574
38574 443
38574 443
38574 443
38574 443
38574 443
38574 443
443 38574
443 38574
443 38574
443 38574
38574 443
443 50918
50918 443
443 50918
50918 443
443 50918
50918 443
443 50918
443 50934
50918 443
50918 443
50934 443
443 50934
50934 443
443 50934
50934 443
443 50934
50934 443
443 50942
50934 443
443 50942
50942 443
443 50942
443 50942
50942 443
50942 443
50954 443
443 50918
443 50918
443 50918
50918 443
50918 443
50918 443
443 50934
443 50934
443 50942
443 50942
443 50954
50954 443
50954 443
50934 443
50942 443
50918 443
443 50942
50942 443
50942 443
443 50918
443 50954
443 50918
50954 443
50918 443
50954 443
42480 443
38574 443
38574 443
38574 443
443 50942
443 50942
50942 443
45722 443
443 45722
45722 443
45722 443
443 45722
45722 443
443 50954
443 50954
443 50954
50954 443
50954 443
443 50954
50954 443
45722 443
443 38574
443 45722
443 45722
443 45722
45722 443
45722 443
443 38574
38574 443
38574 443
50954 443
443 50954
443 50954
443 50954
443 45722
443 45722
50954 443
45722 443
443 45722
443 45722
443 45722
443 45722
443 45722
45722 443
45722 443
45722 443
45722 443
443 50934
45722 443
50954 443
45722 443
50934 443
45722 443
50954 443
50934 443
443 45722
443 50954
443 38574
443 50954
45722 443
50954 443
45722 443
443 45722
443 45722
45722 443
45722 443
443 45722
443 45722
45722 443
45722 443
45722 443
50934 443
443 45722
443 45722
443 45722
45722 443
45722 443
45722 443
443 45722
45722 443
443 45722
443 45722
443 45722
45722 443
443 45722
443 45722
45722 443
443 45722
45722 443
443 45722
45722 443
443 45722
443 45722
45722 443
443 45722
443 45722
45722 443
443 45722
45722 443
443 50954
443 50934
443 45722
443 45722
45722 443
443 45722
443 50934
50934 443
443 45722
443 45722
45722 443
443 45722
443 45722
45722 443
45722 443
443 45722
443 45722
45722 443
45722 443
38574 443
38574 443
38574 443
38574 443
443 38574
443 38574
38574 443
443 38574
38574 443
443 38574
38574 443
38574 443
38574 443
38574 443
443 38574
443 38574
443 38574
38574 443
443 38574
443 38574
38574 443
38574 443
443 38574
38574 443
38574 443
38574 443
38574 443
443 38574
443 38574
38574 443
38574 443
38574 443
38574 443
38574 443
38574 443
443 38574
443 38574
443 38574
443 38574
38574 443
38574 443
38574 443
38574 443
38574 443
38574 443
443 38574
443 38574
443 38574
38574 443
38574 443
443 38574
38574 443
38574 443
38574 443
38574 443
443 38574
443 38574
443 38574
38574 443
443 38574
38574 443
38574 443
38574 443
38574 443
38574 443
443 38574
443 38574
443 38574
38574 443
38574 443
38574 443
38574 443
38574 443
443 38574
443 38574
443 38574
38574 443
38574 443
443 38574
38574 443
38574 443
38574 443
38574 443
443 38574
443 38574
443 38574
38574 443
38574 443
38574 443
38574 443
38574 443
443 38574
443 38574
443 38574
38574 443
38574 443
38574 443
38574 443
38574 443
443 38574
443 38574
443 38574
38574 443
38574 443
443 38574
38574 443
38574 443
38574 443
38574 443
443 38574
443 38574
443 38574
443 38574
38574 443
45722 443
443 45722
38574 443
38574 443
38574 443
38574 443
38574 443
443 38574
443 38574
443 38574
38574 443
38574 443
443 38574
443 42000
443 42016
42032 443
443 42032
42032 443
42032 443
443 42032
42032 443
42032 443
443 42032
42032 443
42032 443
443 42032
443 42032
42032 443
443 42032
42032 443
42032 443
443 42032
443 37464
443 37464
37464 443
37464 443
37464 443
443 37464
37464 443
443 37464
37464 443
443 37464
57596 443
443 57596
57596 443
57596 443
443 57596
443 57596
57596 443
443 57596
57596 443
443 57596
57596 443
443 57596
57596 443
443 57596
57596 443
57596 443
57596 443
57596 443
443 57596
443 57596
443 57596
57596 443
443 57596
57596 443
443 57596
57596 443
57608 443
36810 443
36810 443
36810 443
443 57608
57608 443
57608 443
443 57608
443 57608
443 57608
443 57608
57608 443
57608 443
57608 443
443 57608
57608 443
57608 443
57608 443
57608 443
443 57608
443 57608
57608 443
443 57608
443 36810
443 36810
443 36810
36810 443
443 57608
57608 443
443 57608
57608 443
55714 443
443 55714
55714 443
55714 443
443 55714
443 55714
55714 443
443 55714
55714 443
443 55714
55714 443
55714 443
55714 443
55714 443
443 55714
443 55714
443 55714
55714 443
443 55714
55714 443
443 55714
55714 443
55724 443
443 55724
55724 443
55724 443
443 55724
443 55724
55724 443
443 55724
55724 443
443 55724
55724 443
55724 443
55724 443
55724 443
443 55724
443 55724
55724 443
443 55724
443 55724
55724 443
55734 443
443 55724
55724 443
443 55734
55734 443
55734 443
443 55734
443 55734
55734 443
443 55734
443 55734
55734 443
55734 443
55734 443
55734 443
443 55734
443 55734
55734 443
443 55734
443 55734
55734 443
443 55734
55734 443
55748 443
443 55748
55748 443
55748 443
443 55748
443 55748
55748 443
443 55748
443 55748
55748 443
55748 443
443 55748
55748 443
55748 443
55748 443
55748 443
443 55748
443 55748
55748 443
443 55748
443 55748
55748 443
443 55748
55748 443
55756 443
443 55756
55756 443
55756 443
443 55756
443 55756
55756 443
443 55756
55756 443
443 55756
55756 443
55756 443
55756 443
55756 443
443 55756
443 55756
443 55756
55756 443
443 55756
55756 443
55768 443
443 55756
55756 443
443 55768
55768 443
55768 443
443 55768
443 55768
55768 443
443 55768
55768 443
443 55768
55768 443
443 55768
55768 443
55768 443
55768 443
55768 443
443 55768
443 55768
443 55768
55768 443
443 55768
55768 443
55776 443
443 55768
55768 443
443 55776
55776 443
55776 443
443 55776
443 55776
443 55776
55776 443
55776 443
443 55776
55776 443
55776 443
55776 443
55776 443
443 55776
443 55776
443 55776
55776 443
443 55776
55776 443
55786 443
443 55786
55786 443
443 55776
55776 443
55786 443
443 55786
443 55786
55786 443
443 55786
55786 443
443 55786
55786 443
55786 443
55786 443
55786 443
443 55786
443 55786
55786 443
443 55786
443 55786
55786 443
443 55786
55786 443
443 37348
55794 443
443 55794
55794 443
55794 443
443 34352
443 55794
443 55794
55794 443
443 55794
443 55794
55794 443
55794 443
443 55794
55794 443
443 55794
55794 443
55794 443
55794 443
55794 443
443 55794
443 55794
443 55794
443 55794
55794 443
443 55794
55794 443
443 55794
55794 443
59038 443
443 59038
59038 443
59038 443
443 59038
59038 443
59038 443
443 59038
443 59038
59038 443
59038 443
443 59038
443 59038
443 59038
59038 443
59038 443
59038 443
443 59038
47374 443
443 47374
47374 443
47374 443
443 47374
443 47374
443 47374
443 47374
47374 443
47374 443
443 47374
47374 443
47374 443
47374 443
47374 443
443 47374
443 47374
47374 443
443 47374
443 47374
47374 443
443 47374
47374 443
47376 443
443 47376
47376 443
47376 443
443 47376
443 47376
47376 443
443 47376
47376 443
443 47376
47376 443
443 47376
47376 443
47376 443
47376 443
47376 443
443 47376
443 47376
443 47376
47376 443
443 47376
47376 443
443 47376
47376 443
47392 443
443 47392
47392 443
47392 443
443 47392
443 47392
47392 443
443 47392
443 47392
47392 443
443 47392
443 47392
47392 443
47392 443
47392 443
47392 443
47392 443
443 47392
443 47392
47392 443
443 47392
443 47392
47392 443
47396 443
443 47392
47392 443
443 47396
47396 443
47396 443
443 47396
443 47396
443 47396
47396 443
47396 443
47396 443
47396 443
47396 443
443 47396
443 47396
443 47396
443 47396
47396 443
443 47396
47396 443
443 47396
47396 443
46996 443
443 46996
46996 443
46996 443
443 46996
443 46996
46996 443
443 46996
443 46996
46996 443
46996 443
443 46996
46996 443
443 46996
46996 443
443 46996
46996 443
46996 443
46996 443
46996 443
443 46996
443 46996
46996 443
443 46996
443 46996
46996 443
47000 443
443 46996
46996 443
443 47000
47000 443
47000 443
443 47000
443 47000
47000 443
443 47000
443 47000
47000 443
47000 443
47000 443
47000 443
47000 443
443 47000
443 47000
47000 443
443 47000
443 47000
47000 443
443 47000
47000 443
47016 443
443 47016
47016 443
47016 443
443 47016
443 47016
47016 443
443 47016
443 47016
47016 443
47016 443
443 47016
47016 443
47016 443
47016 443
47016 443
443 47016
443 47016
443 47016
47016 443
443 47016
47016 443
443 47016
47016 443
47032 443
443 47032
47032 443
47032 443
443 47032
443 47032
47032 443
443 47032
47032 443
443 47032
443 47032
47032 443
47032 443
443 47032
47032 443
47032 443
47032 443
47032 443
443 47032
443 47032
443 47032
47032 443
443 47032
443 47032
47032 443
47040 443
443 47032
47032 443
443 47040
47040 443
47040 443
443 47040
443 47040
47040 443
443 47040
47040 443
443 47040
47040 443
443 47040
47040 443
443 47040
47040 443
47040 443
47040 443
47040 443
443 47040
443 47040
443 47040
47040 443
443 47040
47040 443
47042 443
443 47040
47040 443
443 47042
47042 443
47042 443
443 47042
443 47042
47042 443
443 47042
47042 443
443 47042
47042 443
443 47042
47042 443
47042 443
47042 443
47042 443
443 47042
443 47042
443 47042
47042 443
443 47042
47042 443
443 47042
47042 443
47056 443
443 47056
47056 443
47056 443
443 47056
443 47056
47056 443
443 47056
443 47056
443 47056
47056 443
47056 443
47056 443
443 47056
47056 443
47056 443
47056 443
47056 443
443 47056
443 47056
443 47056
443 47056
47056 443
443 47056
47056 443
443 47056
47056 443
47068 443
443 47068
47068 443
47068 443
443 47068
443 47068
47068 443
443 47068
47068 443
443 47068
443 47068
47068 443
47068 443
443 47068
47068 443
47068 443
47068 443
47068 443
443 47068
443 47068
443 47068
443 47068
47068 443
443 47068
47068 443
47076 443
443 47068
47068 443
443 47076
47076 443
47076 443
443 47076
443 47076
47076 443
443 47076
443 47076
443 47076
47076 443
47076 443
47076 443
443 47076
47076 443
47076 443
47076 443
47076 443
443 47076
443 47076
47076 443
443 47076
443 47076
47076 443
443 47076
47076 443
47090 443
443 47090
47090 443
47090 443
443 47090
443 47090
47090 443
443 47090
47090 443
443 47090
443 47090
47090 443
47090 443
443 47090
47090 443
47090 443
47090 443
47090 443
443 47090
443 47090
443 47090
47090 443
443 47090
47090 443
443 47090
47090 443
443 53728
443 53746
443 53746
443 53750
53754 443
443 53754
53754 443
53754 443
443 53754
53754 443
53754 443
443 53754
53754 443
443 53754
443 53754
53754 443
53754 443
443 53754
443 53754
443 53754
53754 443
53754 443
53754 443
443 53754
35796 443
443 35796
35796 443
35796 443
443 35796
35796 443
35796 443
443 35796
443 35796
35796 443
35796 443
443 35796
443 35796
35796 443
57532 443
57538 443
57554 443
57564 443
57556 443
443 57532
57532 443
57532 443
443 57538
57538 443
57538 443
443 57556
57556 443
57556 443
443 57564
57564 443
57564 443
443 57554
57554 443
57554 443
443 57532
57532 443
443 57538
57538 443
443 57532
443 57554
57554 443
443 57538
443 57554
443 57556
57556 443
443 57564
57564 443
53530 443
443 57532
57532 443
443 57532
57532 443
443 57538
57538 443
443 57538
57538 443
443 57538
443 57564
57538 443
57564 443
57538 443
443 57554
57554 443
57564 443
443 57554
57554 443
443 57556
57556 443
57554 443
57556 443
443 46642
46642 443
443 46642
46642 443
46642 443
443 46642
46642 443
443 46642
443 46642
46642 443
443 46642
46642 443
46642 443
443 46642
50170 443
41716 443
41716 443
443 41716
443 41716
41716 443
443 50170
50170 443
50170 443
443 50170
50170 443
50170 443
443 50170
50170 443
443 50170
50170 443
50170 443
50170 443
443 50170
443 50170
443 50170
443 50170
50170 443
50170 443
50170 443
49110 443
443 49074
443 49060
49074 443
49060 443
49074 443
49060 443
443 49090
49090 443
49090 443
443 49094
49094 443
49094 443
443 49110
49110 443
49110 443
443 49074
443 49060
49074 443
49126 443
49074 443
443 49060
49060 443
49060 443
443 49090
49090 443
49090 443
443 49094
49094 443
49094 443
443 49110
49110 443
49110 443
443 49126
443 49074
443 49074
49126 443
49126 443
443 49074
443 49060
443 49090
49074 443
49060 443
443 49090
443 49094
443 49094
49074 443
49090 443
49090 443
49094 443
49060 443
49126 443
49060 443
49060 443
49060 443
49060 443
49060 443
443 49110
49094 443
443 49110
49110 443
443 49110
49110 443
443 49110
49110 443
49110 443
443 49126
443 49126
49126 443
443 49074
443 49090
443 49090
443 49090
443 49074
49090 443
49090 443
49090 443
443 49060
443 49060
443 49060
49060 443
49060 443
443 49060
443 49094
443 49094
443 49094
49094 443
49094 443
49094 443
443 49074
49074 443
49074 443
49074 443
443 49110
443 49110
49110 443
443 49126
49126 443
443 49110
49110 443
49110 443
443 49090
443 49090
443 49060
443 49094
443 49074
49060 443
443 49110
443 49060
33200 443
443 33200
33200 443
33200 443
443 44694
39414 443
39414 443
59552 443
443 59552
59552 443
59552 443
443 59552
59552 443
59552 443
443 59552
443 59552
443 39414
59552 443
59552 443
443 39414
59552 443
39414 443
39414 443
59552 443
443 59552
443 59552
443 59552
443 59552
59552 443
59552 443
59552 443
443 59552
443 39414
52022 443
443 52022
52022 443
52022 443
443 52022
443 52022
52022 443
443 52022
52022 443
443 52022
52022 443
443 52022
52022 443
443 52022
52022 443
443 52022
52022 443
52022 443
52022 443
52022 443
52022 443
52022 443
443 52022
443 52022
443 52022
443 52022
443 52022
52022 443
