4476653
4758447584
138138
4758447584
75517551
138138
53535353
53535353
5344766
53535353
4476653
53535353
5344766
53535353
53535353
53535353
53535353
611071900
53535353
53535353
53535353
75517551
53535353
53535353
53535353
53535353
53535353
53535353
53535353
53535353
53535353
53535353
53535353
53535353
53535353
53535353
53535353
53535353
53535353
4758447584
75517551
611071900
53535353
53535353
53535353
53535353
4758447584
5762157621
53535353
53535353
53535353
53535353
53535353
451821900
53535353
53535353
53535353
137137
137137
138138
137137
53535353
53535353
53535353
53535353
53535353
53535353
53535353
546721900
75517551
53535353
53535353
53535353
53535353
53535353
53535353
53535353
53535353
53535353
53535353
611071900
611071900
53535353
53535353
53535353
53535353
53535353
53535353
75517551
53535353
53535353
53535353
53535353
53535353
615501900
4758447584
53535353
4758447584
53535353
53535353
615501900
53535353
75517551
53535353
53535353
53535353
3674553
5336745
53535353
53535353
3674553
544051900
53535353
53535353
5336745
75517551
53535353
53535353
539421900
53535353
53535353
138138
53535353
53535353
53535353
4758447584
75517551
53535353
539421900
53535353
544051900
53535353
6867
539421900
53535353
53535353
53535353
6867
539421900
53535353
53535353
53535353
53535353
53535353
53535353
544051900
4758447584
75517551
137137
53535353
4758447584
53535353
53535353
53535353
53535353
53535353
53535353
53535353
53535353
137137
53535353
53535353
53535353
53535353
53535353
53535353
53535353
53535353
53535353
53535353
53535353
4758447584
53535353
4758447584
53535353
53535353
53535353
53535353
53535353
53535353
53535353
75517551
53535353
5762157621
53535353
5762157621
4976253
5349762
4976253
5349762
53535353
645775353
75517551
53535353
53535353
53535353
645775353
53535353
645775353
53535353
53535353
53535353
638211900
53535353
53535353
645775353
53535353
645775353
53535353
53535353
645775353
4758447584
53535353
53535353
638211900
53535353
53535353
645775353
56845684
53535353
53535353
53535353
645775353
56845684
56845684
53535353
638211900
53535353
53535353
56845684
53535353
645775353
56845684
53535353
53535353
645775353
53535353
75517551
638211900
56845684
53535353
645775353
53535353
53535353
53535353
645775353
645775353
56845684
5762157621
59446 53
7551 7551
5353 5353
5353 5353
5353 5353
5353 5353
5353 5353
5353 5353
5353 5353
5353 5353
5353 5353
64577 5353
53 59446
59446 53
5353 5353
5353 5353
5353 5353
64577 5353
5353 5353
5353 5353
53 59446
5353 5353
5353 5353
64577 5353
5353 5353
47584 47584
68 67
5353 5353
64577 5353
5353 5353
47584 47584
5353 5353
7551 7551
138 138
5353 5353
5353 5353
5353 5353
5353 5353
64577 5353
5353 5353
5684 5684
5684 5684
5684 5684
5684 5684
7551 7551
5353 5353
5353 5353
5353 5353
5684 5684
5353 5353
5353 5353
5353 5353
5353 5353
5353 5353
5353 5353
51533 1900
5353 5353
7551 7551
48353 53
53 48353
48353 53
53 48353
5353 5353
49667 3702
5353 5353
47584 47584
19090 19090
5353 5353
5353 5353
5353 5353
19090 19090
51533 1900
49667 3702
5353 5353
5353 5353
53799 5355
53197 5355
137 137
19090 19090
5353 5353
53799 5355
53197 5355
5353 5353
137 137
5353 5353
55677 5355
5353 5353
5353 5353
5353 5353
5353 5353
5353 5353
5353 5353
55677 5355
5353 5353
5353 5353
5353 5353
5353 5353
5353 5353
44321 1900
5353 5353
51533 1900
51533 1900
5353 5353
5353 5353
7551 7551
5353 5353
5353 5353
5353 5353
19090 19090
52527 5355
5353 5353
5353 5353
5353 5353
52527 5355
19090 19090
5353 5353
5353 5353
5353 5353
7551 7551
19090 19090
5353 5353
5353 5353
54281 5355
5353 5353
5353 5353
1900 1900
54890 1900
57621 57621
5353 5353
53377 5355
5353 5353
5353 5353
5353 5353
53377 5355
5353 5353
5353 5353
5353 5353
64093 5355
5353 5353
5353 5353
5353 5353
5353 5353
5353 5353
5353 5353
19090 19090
1900 1900
54890 1900
137 137
137 137
137 137
5353 5353
5353 5353
5353 5353
47584 47584
137 137
137 137
137 137
19090 19090
5353 5353
54880 5355
5353 5353
60037 5355
5353 5353
56908 5355
5353 5353
7551 7551
137 137
137 137
137 137
5353 5353
5353 5353
5353 5353
54880 5355
60037 5355
56908 5355
137 137
137 137
137 137
19090 19090
5353 5353
5353 5353
5353 5353
5353 5353
5353 5353
5353 5353
5353 5353
137 137
5353 5353
5353 5353
19090 19090
5353 5353
5353 5353
137 137
137 137
5353 5353
1900 1900
54890 1900
5353 5353
5353 5353
5353 5353
5353 5353
5353 5353
47279 1900
5353 5353
47584 47584
5353 5353
5353 5353
19090 19090
5353 5353
5353 5353
5353 5353
5353 5353
5353 5353
137 137
5353 5353
5353 5353
58528 5355
57648 5355
7551 7551
5353 5353
137 137
5353 5353
58528 5355
57648 5355
19090 19090
5353 5353
5353 5353
5353 5353
5353 5353
5353 5353
5353 5353
137 137
5353 5353
19090 19090
5353 5353
7551 7551
19090 19090
1900 1900
54890 1900
5353 5353
5353 5353
5353 5353
52755 5355
52300 5355
5353 5353
19090 19090
5353 5353
52300 5355
52755 5355
5353 5353
5353 5353
5353 5353
5353 5353
5353 5353
5353 5353
137 137
5353 5353
5353 5353
137 137
5353 5353
5353 5353
64705 5355
57879 5355
137 137
137 137
64705 5355
57879 5355
19090 19090
5353 5353
5353 5353
7551 7551
137 137
19090 19090
57621 57621
5353 5353
137 137
137 137
5353 5353
5353 5353
5353 5353
5353 5353
138 138
5353 5353
137 137
5353 5353
5353 5353
41112 1900
5353 5353
5353 5353
7551 7551
137 137
5353 5353
5353 5353
5353 5353
138 138
137 137
138 138
47584 47584
138 138
5353 5353
5353 5353
5353 5353
5353 5353
7551 7551
5353 5353
5353 5353
5353 5353
51533 1900
5353 5353
138 138
5353 5353
5353 5353
138 138
19090 19090
5353 5353
5353 5353
7551 7551
138 138
19090 19090
5353 5353
51533 1900
47584 47584
7551 7551
5353 5353
5353 5353
19339 53
45093 53
53 45093
53 19339
19090 19090
7551 7551
52566 1900
51533 1900
5353 5353
19090 19090
5353 5353
5353 5353
57092 5355
56742 5355
137 137
5353 5353
47655 1900
57092 5355
56742 5355
37667 1900
137 137
5353 5353
5353 5353
7551 7551
47584 47584
137 137
5353 5353
5353 5353
19090 19090
52566 1900
51533 1900
5353 5353
5353 5353
5353 5353
5353 5353
5353 5353
19090 19090
7551 7551
5353 5353
3800 3800
19090 19090
5353 5353
5353 5353
5353 5353
5353 5353
5353 5353
5353 5353
19090 19090
5353 5353
5353 5353
59460 5355
57410 5355
5353 5353
58518 1900
5353 5353
59460 5355
57410 5355
5353 5353
52566 1900
5353 5353
5353 5353
51533 1900
7551 7551
5353 5353
137 137
5353 5353
5353 5353
19090 19090
5353 5353
58518 1900
5353 5353
5353 5353
5353 5353
137 137
5353 5353
5353 5353
19090 19090
5353 5353
58518 1900
5353 5353
7551 7551
5353 5353
1900 1900
1900 1900
1900 1900
1900 1900
1900 1900
1900 1900
1900 1900
1900 1900
1900 1900
1900 1900
58518 1900
5353 5353
5353 5353
51533 1900
5353 5353
5353 5353
5353 5353
5353 5353
5353 5353
19090 19090
5353 5353
7551 7551
5353 5353
5353 5353
5353 5353
5353 5353
5353 5353
5353 5353
5353 5353
59619 5355
51817 5355
51818 3702
51818 3702
49995 1900
19090 19090
137 137
51818 3702
51818 3702
54463 137
138 138
5353 5353
59619 5355
51817 5355
138 138
5353 5353
51818 3702
5353 5353
51818 3702
51818 3702
137 137
51818 3702
5353 5353
19090 19090
49057 1900
51818 3702
7551 7551
137 137
5353 5353
5353 5353
51818 3702
51818 3702
51818 3702
47584 47584
5353 5353
5353 5353
5353 5353
5353 5353
5353 5353
19090 19090
5353 5353
5353 5353
5353 5353
5353 5353
7551 7551
5353 5353
5353 5353
19090 19090
5353 5353
51818 3702
51818 3702
51818 3702
137 137
137 137
138 138
5353 5353
51818 3702
5353 5353
5353 5353
52973 5355
5353 5353
5353 5353
64260 5355
5353 5353
5353 5353
5353 5353
64978 5355
5353 5353
53647 5355
5353 5353
5353 5353
5353 5353
5353 5353
5353 5353
61720 5355
55705 5355
5353 5353
5353 5353
5353 5353
50806 5355
5353 5353
137 137
65370 5355
5353 5353
5353 5353
5353 5353
51818 3702
5353 5353
51818 3702
5353 5353
19090 19090
137 137
5353 5353
137 137
47584 47584
5353 5353
51818 3702
19090 19090
138 138
5353 5353
7551 7551
51818 3702
138 138
137 137
51818 3702
5353 5353
5353 5353
137 137
5353 5353
5353 5353
67 68
19090 19090
137 137
5353 5353
5353 5353
5353 5353
5353 5353
7551 7551
45046 1900
5353 5353
19090 19090
137 137
137 137
19090 19090
5353 5353
5353 5353
5353 5353
5353 5353
138 138
5353 5353
5353 5353
64550 5355
60955 5355
5353 5353
5353 5353
5353 5353
5353 5353
5353 5353
5353 5353
5353 5353
49863 5355
5353 5353
61522 5355
5353 5353
5353 5353
5353 5353
5353 5353
54673 5355
59185 5355
5353 5353
7551 7551
5353 5353
5353 5353
53105 5355
5353 5353
53835 5355
5353 5353
5353 5353
45546 1900
5353 5353
5353 5353
5353 5353
5353 5353
5353 5353
5353 5353
47584 47584
137 137
137 137
45046 1900
5353 5353
5353 5353
5353 5353
5353 5353
5353 5353
137 137
5353 5353
5353 5353
5353 5353
56496 5355
52695 5355
19090 19090
137 137
5353 5353
5353 5353
52695 5355
56496 5355
138 138
137 137
7551 7551
137 137
138 138
5353 5353
5353 5353
19090 19090
138 138
5353 5353
5353 5353
137 137
5353 5353
137 137
5353 5353
138 138
7551 7551
137 137
47584 47584
7551 7551
5353 5353
5353 5353
61294 5355
55034 5355
5353 5353
5353 5353
61294 5355
55034 5355
5353 5353
137 137
5353 5353
5353 5353
138 138
7551 7551
5353 5353
137 137
19090 19090
5353 5353
57621 57621
5353 5353
5353 5353
5353 5353
41809 1900
5353 5353
5353 5353
5353 5353
5353 5353
47584 47584
45046 1900
19090 19090
5353 5353
5353 5353
5353 5353
5353 5353
57239 5355
55008 5355
5353 5353
137 137
5353 5353
57239 5355
55008 5355
137 137
5353 5353
5353 5353
5353 5353
5353 5353
5353 5353
5353 5353
19090 19090
5353 5353
5353 5353
5353 5353
7551 7551
19090 19090
5353 5353
3800 3800
7551 7551
5353 5353
5353 5353
5353 5353
62219 5355
5353 5353
49185 5355
19090 19090
137 137
5353 5353
5353 5353
62219 5355
49185 5355
5353 5353
5353 5353
137 137
5353 5353
5353 5353
5353 5353
5353 5353
137 137
19090 19090
5353 5353
42050 1900
7551 7551
47584 47584
19090 19090
5353 5353
5353 5353
5353 5353
19090 19090
5353 5353
5353 5353
5353 5353
5353 5353
5353 5353
5353 5353
5353 5353
5353 5353
19090 19090
7551 7551
19090 19090
5353 5353
5353 5353
47584 47584
5353 5353
5353 5353
5353 5353
19090 19090
5353 5353
5353 5353
5353 5353
5353 5353
5353 5353
5353 5353
5353 5353
5353 5353
7551 7551
57621 57621
19090 19090
5353 5353
5353 5353
38795 1900
5353 5353
5353 5353
5353 5353
5353 5353
7551 7551
47584 47584
5353 5353
5353 5353
5353 5353
19090 19090
5353 5353
5353 5353
7551 7551
5353 5353
5353 5353
5353 5353
5353 5353
5353 5353
7551 7551
19090 19090
5353 5353
5353 5353
5353 5353
5353 5353
47584 47584
5353 5353
19090 19090
5353 5353
7551 7551
5353 5353
5353 5353
5353 5353
19090 19090
19090 19090
5353 5353
42397 53
59523 53
53 59523
53 42397
5353 5353
43210 1900
5353 5353
48412 1900
5353 5353
7551 7551
47584 47584
19090 19090
19090 19090
5353 5353
5353 5353
5353 5353
5353 5353
5353 5353
5353 5353
5353 5353
5353 5353
19090 19090
7551 7551
5353 5353
5353 5353
19090 19090
5353 5353
5353 5353
5353 5353
5353 5353
5353 5353
5353 5353
5353 5353
7551 7551
5353 5353
5353 5353
5353 5353
57621 57621
19090 19090
5353 5353
5353 5353
52835 5355
56253 5355
137 137
57811 137
5353 5353
56253 5355
52835 5355
137 137
19090 19090
5353 5353
7551 7551
137 137
19090 19090
5353 5353
5353 5353
3800 3800
49995 1900
5353 5353
39693 1900
5353 5353
5353 5353
7551 7551
5353 5353
5353 5353
5353 5353
47584 47584
19090 19090
137 137
137 137
137 137
137 137
5353 5353
5353 5353
5353 5353
57928 5355
64658 5355
5353 5353
5353 5353
64658 5355
57928 5355
7551 7551
137 137
56624 1900
5353 5353
5353 5353
52219 1900
137 137
5353 5353
52219 1900
7551 7551
5353 5353
19090 19090
52219 1900
47584 47584
19090 19090
52219 1900
7551 7551
5353 5353
19090 19090
5353 5353
5353 5353
56059 5355
56560 5355
5353 5353
56059 5355
137 137
56560 5355
5353 5353
5353 5353
5353 5353
137 137
19090 19090
5353 5353
5353 5353
19090 19090
43433 1900
5353 5353
5353 5353
5353 5353
64698 1900
5353 5353
5353 5353
63511 1900
5353 5353
5353 5353
5353 5353
5353 5353
5353 5353
47584 47584
19090 19090
5353 5353
5353 5353
5353 5353
5353 5353
5353 5353
63511 1900
7551 7551
5353 5353
5353 5353
50555 5355
54479 5355
5353 5353
5353 5353
5353 5353
50555 5355
54479 5355
5353 5353
63511 1900
5353 5353
5353 5353
19090 19090
137 137
5353 5353
5353 5353
5353 5353
59521 5355
59815 5355
5353 5353
63511 1900
5353 5353
59521 5355
19090 19090
137 137
137 137
59815 5355
7551 7551
5353 5353
5353 5353
5353 5353
5353 5353
5353 5353
137 137
137 137
19090 19090
137 137
137 137
47584 47584
19090 19090
7551 7551
57621 57621
5353 5353
5353 5353
5353 5353
5353 5353
5353 5353
5353 5353
5353 5353
5353 5353
5353 5353
19090 19090
5353 5353
5353 5353
5353 5353
5353 5353
5353 5353
19090 19090
7551 7551
5353 5353
5353 5353
19090 19090
5353 5353
5353 5353
5353 5353
5353 5353
5353 5353
57621 57621
19090 19090
44426 1900
7551 7551
47584 47584
5353 5353
5353 5353
5353 5353
137 137
137 137
5353 5353
5353 5353
5353 5353
5353 5353
54875 5355
59207 5355
5353 5353
5353 5353
5353 5353
54875 5355
59207 5355
5353 5353
5353 5353
5353 5353
5353 5353
5353 5353
5353 5353
5353 5353
137 137
5353 5353
5353 5353
5353 5353
5353 5353
5353 5353
5353 5353
7551 7551
137 137
137 137
5353 5353
5353 5353
47584 47584
19090 19090
5353 5353
7551 7551
5353 5353
5353 5353
19090 19090
5353 5353
54672 1900
5353 5353
5353 5353
19090 19090
5353 5353
5353 5353
5353 5353
5353 5353
7551 7551
35146 53
40034 53
53 35146
53 40034
19090 19090
5353 5353
19090 19090
38098 1900
5353 5353
5353 5353
7551 7551
19090 19090
5353 5353
5353 5353
5353 5353
5353 5353
19090 19090
7551 7551
19090 19090
3800 3800
19090 19090
5353 5353
7551 7551
68 67
5353 5353
19090 19090
5353 5353
5353 5353
47584 47584
19090 19090
7551 7551
19090 19090
5353 5353
5353 5353
5353 5353
5353 5353
5353 5353
5353 5353
5353 5353
5353 5353
1900 1900
1900 1900
1900 1900
1900 1900
1900 1900
1900 1900
1900 1900
1900 1900
1900 1900
1900 1900
5353 5353
19090 19090
7551 7551
5353 5353
5353 5353
5353 5353
5353 5353
5353 5353
19090 19090
5353 5353
19090 19090
46272 1900
5353 5353
7551 7551
5353 5353
5353 5353
5353 5353
19090 19090
5353 5353
5353 5353
5353 5353
5353 5353
19090 19090
7551 7551
19090 19090
5353 5353
47584 47584
7551 7551
5353 5353
19090 19090
5353 5353
19090 19090
5353 5353
5353 5353
5353 5353
7551 7551
19090 19090
5353 5353
57621 57621
19090 19090
5353 5353
7551 7551
19090 19090
47584 47584
10749 53
7721 53
5353 5353
42400 1900
5353 5353
40280 1900
5353 5353
5353 5353
53 10749
53 7721
5353 5353
5353 5353
5353 5353
7551 7551
5353 5353
19090 19090
5353 5353
5353 5353
5353 5353
5353 5353
5353 5353
62547 5355
59791 5355
5353 5353
137 137
5353 5353
59791 5355
62547 5355
5353 5353
137 137
7551 7551
57621 57621
5353 5353
5353 5353
5353 5353
57095 53
7551 7551
53 57095
57095 53
53 57095
5353 5353
5353 5353
5353 5353
5353 5353
52910 5355
54108 5355
5353 5353
54108 5355
52910 5355
5353 5353
5353 5353
5353 5353
5353 5353
19090 19090
47584 47584
7551 7551
137 137
5353 5353
5353 5353
5353 5353
5353 5353
5353 5353
59058 5355
49369 5355
5353 5353
19090 19090
5353 5353
49369 5355
59058 5355
5353 5353
5353 5353
137 137
5353 5353
5353 5353
5353 5353
5353 5353
19090 19090
5353 5353
5353 5353
5353 5353
5353 5353
5353 5353
137 137
7551 7551
45046 1900
5353 5353
19090 19090
5353 5353
57140 3702
5353 5353
5353 5353
42987 1900
7551 7551
5353 5353
5353 5353
5353 5353
5353 5353
5353 5353
5353 5353
5353 5353
5353 5353
5353 5353
19090 19090
7551 7551
5353 5353
5353 5353
19090 19090
5353 5353
5353 5353
19090 19090
5353 5353
5353 5353
7551 7551
5353 5353
5353 5353
5353 5353
5353 5353
19090 19090
5353 5353
5353 5353
5353 5353
5353 5353
5353 5353
19090 19090
5353 5353
47584 47584
7551 7551
5353 5353
5353 5353
5353 5353
5353 5353
5353 5353
5353 5353
3800 3800
5353 5353
5353 5353
5353 5353
5353 5353
19090 19090
5353 5353
5353 5353
7551 7551
5353 5353
5353 5353
19090 19090
5353 5353
5353 5353
5353 5353
5353 5353
5353 5353
44435 1900
5353 5353
19090 19090
5353 5353
7551 7551
5353 5353
5353 5353
5353 5353
5353 5353
5353 5353
19090 19090
5353 5353
5353 5353
5353 5353
5353 5353
47584 47584
5353 5353
5353 5353
5353 5353
5353 5353
5353 5353
7551 7551
5353 5353
5353 5353
5353 5353
5353 5353
5353 5353
5353 5353
19090 19090
5353 5353
5353 5353
5353 5353
19090 19090
47584 47584
7551 7551
5353 5353
19090 19090
5353 5353
5353 5353
5353 5353
5353 5353
5353 5353
19090 19090
5353 5353
5353 5353
5353 5353
5353 5353
19090 19090
68 67
5353 5353
39476 1900
137 137
137 137
5353 5353
5353 5353
39779 1900
19090 19090
5353 5353
5353 5353
65401 5355
5353 5353
54960 5355
5353 5353
5353 5353
5353 5353
5353 5353
55566 5355
5353 5353
58910 5355
5353 5353
5353 5353
5353 5353
5353 5353
5353 5353
60154 5355
51961 5355
5353 5353
5353 5353
5353 5353
5353 5353
51746 5355
60878 5355
5353 5353
5353 5353
5353 5353
47584 47584
5353 5353
5353 5353
5353 5353
5353 5353
5353 5353
5353 5353
137 137
5353 5353
5353 5353
5353 5353
5353 5353
5353 5353
137 137
5353 5353
5353 5353
5353 5353
7551 7551
5353 5353
19090 19090
138 138
137 137
5353 5353
5353 5353
137 137
54672 1900
7551 7551
5353 5353
137 137
5353 5353
5353 5353
47584 47584
7551 7551
5353 5353
5353 5353
19090 19090
5353 5353
5353 5353
5353 5353
19090 19090
7551 7551
5353 5353
5353 5353
19090 19090
42018 1900
5353 5353
5353 5353
41376 1900
7551 7551
19090 19090
5353 5353
5353 5353
5353 5353
47584 47584
5353 5353
5353 5353
5353 5353
5353 5353
5353 5353
5353 5353
5353 5353
7551 7551
5353 5353
5353 5353
5353 5353
5353 5353
5353 5353
19090 19090
5353 5353
5353 5353
5353 5353
5353 5353
5353 5353
68 67
5353 5353
5353 5353
137 137
137 137
137 137
59086 5355
5353 5353
5353 5353
5353 5353
63999 5355
5353 5353
5353 5353
59089 1900
59089 1900
59089 1900
19090 19090
59089 1900
59089 1900
59089 1900
59089 1900
5353 5353
59089 1900
7551 7551
59089 1900
59089 1900
5353 5353
59089 1900
59089 1900
59089 1900
59089 1900
59089 1900
59089 1900
59089 1900
59089 1900
59089 1900
59089 1900
59089 1900
59089 1900
59089 1900
59089 1900
137 137
137 137
5353 5353
59089 1900
59089 1900
59089 1900
5353 5353
59089 1900
59089 1900
57140 3702
57954 1900
57954 1900
5353 5353
57140 3702
57954 1900
57954 1900
19090 19090
57954 1900
57954 1900
57954 1900
57140 3702
57954 1900
5353 5353
57954 1900
57954 1900
5353 5353
57954 1900
137 137
137 137
137 137
57954 1900
57954 1900
57954 1900
57954 1900
57954 1900
5353 5353
57140 3702
57954 1900
57954 1900
5353 5353
57954 1900
57954 1900
57954 1900
57954 1900
5353 5353
57954 1900
5353 5353
57954 1900
5353 5353
57954 1900
57954 1900
57954 1900
5353 5353
57954 1900
57954 1900
5353 5353
57954 1900
57954 1900
57954 1900
5353 5353
57954 1900
57954 1900
57954 1900
57954 1900
57954 1900
19090 19090
137 137
5353 5353
7551 7551
47584 47584
5353 5353
5353 5353
5353 5353
5353 5353
5353 5353
5353 5353
5353 5353
5353 5353
5353 5353
19090 19090
7551 7551
5353 5353
5353 5353
5353 5353
5353 5353
5353 5353
5353 5353
5353 5353
5353 5353
5353 5353
5353 5353
5353 5353
5353 5353
5353 5353
19090 19090
5353 5353
5353 5353
57954 1900
57954 1900
57954 1900
57954 1900
57954 1900
57954 1900
5353 5353
5353 5353
57954 1900
57954 1900
57954 1900
57954 1900
57954 1900
57954 1900
57954 1900
5353 5353
57954 1900
57954 1900
57954 1900
57954 1900
57954 1900
57954 1900
57954 1900
57954 1900
63105 1900
57954 1900
57954 1900
49105 1900
57140 3702
57954 1900
57954 1900
57954 1900
57140 3702
57954 1900
57954 1900
57954 1900
57954 1900
57954 1900
57954 1900
57140 3702
57954 1900
19090 19090
57954 1900
57954 1900
57954 1900
57954 1900
5353 5353
3800 3800
57621 57621
57140 3702
5353 5353
19090 19090
47584 47584
5353 5353
5353 5353
5353 5353
68 67
67 68
5353 5353
5353 5353
5353 5353
5353 5353
5353 5353
50586 5355
5353 5353
19090 19090
5353 5353
58982 5355
5353 5353
7551 7551
5353 5353
5353 5353
63105 1900
5353 5353
138 138
5353 5353
5353 5353
5353 5353
5353 5353
5353 5353
5353 5353
19090 19090
5353 5353
7551 7551
5353 5353
5353 5353
5353 5353
5353 5353
5353 5353
5353 5353
19090 19090
5353 5353
5353 5353
5353 5353
63105 1900
38365 1900
19090 19090
5353 5353
5353 5353
5353 5353
61023 3702
19090 19090
5353 5353
5353 5353
5353 5353
5353 5353
61023 3702
5353 5353
5353 5353
5353 5353
5353 5353
5353 5353
61023 3702
19090 19090
7551 7551
5353 5353
5353 5353
5353 5353
19090 19090
61023 3702
5353 5353
5353 5353
5353 5353
5353 5353
49355 1900
5353 5353
5353 5353
5353 5353
5353 5353
5353 5353
5353 5353
5353 5353
5353 5353
19090 19090
7551 7551
5353 5353
5353 5353
19090 19090
5353 5353
5353 5353
5353 5353
5353 5353
5353 5353
47584 47584
61023 3702
5353 5353
5353 5353
58842 5355
19090 19090
5353 5353
5353 5353
5353 5353
5353 5353
5353 5353
5353 5353
68 67
19090 19090
7551 7551
31571 53
52889 53
5353 5353
53 52889
64713 5355
53 31571
5353 5353
5353 5353
68 67
5353 5353
5353 5353
19090 19090
5353 5353
5353 5353
5353 5353
5353 5353
5353 5353
5353 5353
5353 5353
5353 5353
5353 5353
5353 5353
5353 5353
19090 19090
7551 7551
47584 47584
5353 5353
5353 5353
47423 1900
19090 19090
5353 5353
5353 5353
5353 5353
5353 5353
5353 5353
5353 5353
5353 5353
5353 5353
5353 5353
19090 19090
7551 7551
5353 5353
45046 1900
5353 5353
5353 5353
5353 5353
5353 5353
19090 19090
5353 5353
5353 5353
5353 5353
5353 5353
5353 5353
5353 5353
49983 1900
5353 5353
5353 5353
5353 5353
19090 19090
7551 7551
5353 5353
5353 5353
5353 5353
5353 5353
5353 5353
5353 5353
5353 5353
5353 5353
5353 5353
5353 5353
5353 5353
19090 19090
47584 47584
5353 5353
5353 5353
5353 5353
5353 5353
5353 5353
44380 53
5353 5353
53 44380
44380 53
5353 5353
53 44380
19090 19090
59313 1900
40613 53
31315 53
5353 5353
53 40613
53 31315
37224 1900
5353 5353
5353 5353
5353 5353
5353 5353
5353 5353
5353 5353
5353 5353
5353 5353
5353 5353
19090 19090
47584 47584
5353 5353
7551 7551
19090 19090
5353 5353
5353 5353
5353 5353
59313 1900
5353 5353
5353 5353
19090 19090
3800 3800
5353 5353
5353 5353
5353 5353
5353 5353
19090 19090
59313 1900
5353 5353
5353 5353
5353 5353
5353 5353
5353 5353
5353 5353
5353 5353
7551 7551
19090 19090
5353 5353
47584 47584
5353 5353
5353 5353
19090 19090
5353 5353
5353 5353
5353 5353
5353 5353
5353 5353
7551 7551
5353 5353
5353 5353
5353 5353
5353 5353
5353 5353
5353 5353
40478 1900
40478 1900
40478 1900
5353 5353
1900 1900
1900 1900
1900 1900
1900 1900
1900 1900
1900 1900
1900 1900
1900 1900
1900 1900
1900 1900
39779 1900
5353 5353
5353 5353
5353 5353
5353 5353
5353 5353
19090 19090
47584 47584
5353 5353
5353 5353
5353 5353
7551 7551
19090 19090
5353 5353
5353 5353
7551 7551
19090 19090
5353 5353
5353 5353
5353 5353
5353 5353
5353 5353
5353 5353
54672 1900
5353 5353
5353 5353
5353 5353
5353 5353
5353 5353
5353 5353
5353 5353
5353 5353
5353 5353
5353 5353
5353 5353
5353 5353
5353 5353
5353 5353
5353 5353
5353 5353
5353 5353
5353 5353
5353 5353
5353 5353
5353 5353
5353 5353
5353 5353
5353 5353
5353 5353
5353 5353
5353 5353
5353 5353
7551 7551
5353 5353
5353 5353
5353 5353
5353 5353
5353 5353
5353 5353
5353 5353
5353 5353
5353 5353
5353 5353
19090 19090
5353 5353
5353 5353
5353 5353
5353 5353
5353 5353
47673 1900
64591 5355
49690 1900
64591 5355
7551 7551
19090 19090
5353 5353
5353 5353
5353 5353
19090 19090
5353 5353
5353 5353
47584 47584
5353 5353
5353 5353
5353 5353
5353 5353
7551 7551
19090 19090
5353 5353
5353 5353
68 67
5353 5353
55487 5355
5353 5353
5353 5353
5353 5353
55487 5355
5353 5353
5353 5353
5353 5353
5353 5353
5353 5353
19090 19090
5353 5353
5353 5353
5353 5353
5353 5353
7551 7551
5353 5353
63630 5355
55228 5355
5353 5353
63630 5355
55228 5355
5353 5353
5353 5353
5353 5353
137 137
5353 5353
5353 5353
5353 5353
19090 19090
5353 5353
5353 5353
5353 5353
137 137
5353 5353
5353 5353
5353 5353
5353 5353
7551 7551
5353 5353
5353 5353
19090 19090
47584 47584
5353 5353
5353 5353
5353 5353
5353 5353
5353 5353
5353 5353
19090 19090
137 137
5353 5353
5353 5353
5353 5353
5353 5353
7551 7551
137 137
19090 19090
5353 5353
5353 5353
137 137
5353 5353
5353 5353
68 67
49333 1900
5353 5353
7551 7551
5353 5353
5353 5353
57621 57621
5353 5353
5353 5353
5353 5353
47584 47584
5353 5353
5353 5353
5353 5353
5353 5353
7551 7551
56624 1900
5353 5353
19090 19090
51650 1900
5353 5353
5353 5353
19090 19090
51650 1900
7551 7551
19090 19090
51650 1900
51650 1900
5353 5353
5353 5353
5353 5353
5353 5353
5353 5353
5353 5353
19090 19090
51650 1900
7551 7551
19090 19090
47584 47584
5353 5353
19090 19090
5353 5353
5353 5353
7551 7551
19090 19090
5353 5353
5353 5353
5353 5353
19090 19090
5353 5353
46069 1900
5353 5353
5353 5353
5353 5353
5353 5353
5353 5353
5353 5353
5353 5353
19090 19090
5353 5353
5353 5353
5353 5353
5353 5353
50253 5355
5353 5353
5353 5353
50253 5355
19090 19090
47584 47584
5353 5353
5353 5353
5353 5353
137 137
5353 5353
7551 7551
5353 5353
5353 5353
5353 5353
5353 5353
5353 5353
5353 5353
5353 5353
5353 5353
5353 5353
5353 5353
5353 5353
5353 5353
5353 5353
5353 5353
5353 5353
5353 5353
5353 5353
5353 5353
5353 5353
5353 5353
5353 5353
19090 19090
5353 5353
5353 5353
5353 5353
5353 5353
5353 5353
5353 5353
46418 53
57284 53
53 46418
53 57284
5353 5353
19090 19090
47584 47584
5353 5353
5353 5353
19090 19090
5353 5353
5353 5353
5353 5353
5353 5353
7551 7551
45046 1900
5353 5353
68 67
19090 19090
5353 5353
5353 5353
5353 5353
19090 19090
5353 5353
44739 1900
5353 5353
5353 5353
19090 19090
5353 5353
5353 5353
5353 5353
5353 5353
5353 5353
5353 5353
5353 5353
47187 1900
47187 1900
47187 1900
5353 5353
40468 53
40468 53
53 40468
53 40468
5353 5353
5353 5353
5353 5353
5353 5353
5353 5353
5353 5353
5353 5353
5353 5353
5353 5353
5353 5353
5353 5353
58295 1900
5353 5353
5353 5353
5353 5353
5353 5353
54949 1900
1900 1900
1900 1900
1900 1900
1900 1900
1900 1900
1900 1900
1900 1900
1900 1900
1900 1900
1900 1900
5353 5353
38434 53
38434 53
53 38434
53 38434
62434 1900
5353 5353
58295 1900
57621 57621
53727 53
53727 53
53 53727
53 53727
5353 5353
58295 1900
5353 5353
5353 5353
5353 5353
62434 1900
5353 5353
58295 1900
46463 53
46463 53
53 46463
53 46463
5353 5353
5353 5353
57621 57621
42824 53
42824 53
53 42824
53 42824
5353 5353
50065 53
50065 53
53 50065
53 50065
5353 5353
5353 5353
62434 1900
5353 5353
5353 5353
5353 5353
5353 5353
5353 5353
5353 5353
5353 5353
32959 53
32959 53
53 32959
53 32959
62434 1900
5353 5353
5353 5353
60422 53
60422 53
53 60422
53 60422
51529 53
51529 53
53 51529
53 51529
58406 53
58406 53
53 58406
53 58406
5353 5353
5353 5353
54644 53
54644 53
53 54644
53 54644
63207 1900
5353 5353
62434 1900
5353 5353
5353 5353
63207 1900
5353 5353
5353 5353
41069 5353
5353 5353
5353 5353
5353 5353
60446 53
60446 53
53 60446
53 60446
5353 5353
63207 1900
5353 5353
5353 5353
5353 5353
5353 5353
62434 1900
5353 5353
5353 5353
5353 5353
63207 1900
5353 5353
36634 53
36634 53
53 36634
5353 5353
5353 5353
5353 5353
5353 5353
5353 5353
5353 5353
5353 5353
5353 5353
62434 1900
5353 5353
5353 5353
5353 5353
5353 5353
5353 5353
5353 5353
60085 53
53 60085
60085 53
53 60085
56279 5353
44879 1900
44879 1900
5353 5353
5353 5353
5353 5353
5353 5353
5353 5353
33235 53
33235 53
53 33235
53 33235
5353 5353
5353 5353
5353 5353
45981 53
45981 53
53 45981
53 45981
5353 5353
5353 5353
5353 5353
5353 5353
5353 5353
5353 5353
5353 5353
5353 5353
5353 5353
5353 5353
5353 5353
5353 5353
58775 53
58775 53
53 58775
53 58775
37646 53
37646 53
53 37646
53 37646
56279 5353
56279 5353
5353 5353
5353 5353
56279 5353
5353 5353
5353 5353
5353 5353
54616 53
54616 53
53 54616
53 54616
56279 5353
55138 53
55138 53
53 55138
53 55138
55139 53
55139 53
53 55139
53 55139
56279 5353
5353 5353
5353 5353
5353 5353
5353 5353
5353 5353
5353 5353
5353 5353
5353 5353
5353 5353
5353 5353
37118 53
37118 53
53 37118
53 37118
5353 5353
44353 53
44353 53
53 44353
53 44353
5353 5353
5353 5353
48197 53
48197 53
53 48197
53 48197
5353 5353
57621 57621
57866 53
57866 53
53 57866
53 57866
49521 53
49521 53
53 49521
53 49521
42629 53
42629 53
53 42629
53 42629
44124 53
44124 53
53 44124
53 44124
56279 5353
5353 5353
5353 5353
56279 5353
5353 5353
59535 53
59535 53
53 59535
53 59535
53 59535
57621 57621
57621 57621
37085 1900
5353 5353
5353 5353
57133 1716
5353 5353
5353 5353
5353 5353
5353 5353
5353 5353
48003 53
48003 53
53 48003
53 48003
5353 5353
5353 5353
5353 5353
5353 5353
5353 5353
49879 1900
5353 5353
5353 5353
5353 5353
35709 5353
5353 5353
58258 53
5353 5353
5353 5353
63659 3702
63659 3702
63659 3702
63659 3702
5353 5353
5353 5353
5353 5353
5353 5353
46421 5353
5353 5353
5353 5353
46421 5353
5353 5353
46421 5353
5353 5353
5353 5353
5353 5353
53 58258
58258 53
5353 5353
63659 3702
63659 3702
53 58258
5353 5353
63659 3702
5353 5353
5353 5353
5353 5353
5353 5353
33041 1900
5353 5353
68 67
137 137
5353 5353
5353 5353
5353 5353
5353 5353
5353 5353
5353 5353
5353 5353
5353 5353
5353 5353
5353 5353
68 67
67 68
5353 5353
5353 5353
5353 5353
5353 5353
5353 5353
5353 5353
5353 5353
5353 5353
33041 1900
137 137
5353 5353
5353 5353
5353 5353
5353 5353
137 137
5353 5353
5353 5353
5353 5353
5353 5353
137 137
5353 5353
33041 1900
5353 5353
5353 5353
5353 5353
5353 5353
5353 5353
5353 5353
5353 5353
5353 5353
5353 5353
5353 5353
38863 53
38863 53
53 38863
53 38863
33041 1900
5353 5353
5353 5353
59969 5355
56589 5355
137 137
59969 5355
56589 5355
5353 5353
5353 5353
50232 5353
5353 5353
5353 5353
5353 5353
34328 53
34328 53
5353 5353
50232 5353
53 34328
53 34328
5353 5353
5353 5353
5353 5353
5353 5353
5353 5353
5353 5353
5353 5353
5353 5353
5353 5353
5353 5353
5353 5353
137 137
137 137
49274 59870
5353 5353
5353 5353
5353 5353
5353 5353
5353 5353
5353 5353
5353 5353
5353 5353
5353 5353
5353 5353
5353 5353
63690 5353
5353 5353
5353 5353
63690 5353
5353 5353
5353 5353
5353 5353
63690 5353
5353 5353
5353 5353
5353 5353
63690 5353
5353 5353
5353 5353
5353 5353
5353 5353
43573 53
53 43573
43573 53
53 43573
5353 5353
5353 5353
5353 5353
52145 53
52145 53
53 52145
53 52145
